22.29, 22.29, 22.29, 22.29, 22.29, 22.29, 22.29, 22.29, 22.29, 22.29
22.29, 22.29, 22.29, 22.29, 22.29, 22.29, 22.29, 22.29, 22.29, 22.29
22.29, 22.29, 22.29, 22.29, 22.29, 22.29, 22.29, 22.29, 22.29, 22.29
22.29, 22.29, 22.29, 22.29, 22.29, 22.29, 22.29, 22.29, 22.29, 22.29
22.29, 22.29, 22.29, 22.29, 22.29, 22.29, 22.29, 22.29, 22.29, 22.29
7.41, 7.41, 7.41, 7.41, 7.41, 7.41, 7.41, 7.41, 7.41, 7.41
7.41, 7.41, 7.41, 7.41, 7.41, 7.41, 7.41, 7.41, 7.41, 7.41
7.41, 7.41, 7.41, 7.41, 7.41, 7.41, 7.41, 7.41, 7.41, 7.41
7.41, 7.41, 7.41, 7.41, 7.41, 7.41, 7.41, 7.41, 7.41, 7.41
2.22, 2.22, 2.22, 2.22, 2.22, 2.22, 2.22, 2.22, 2.22, 2.22
2.22, 2.22, 2.22, 2.22, 2.22, 2.22, 2.22, 2.22, 2.22, 2.22
2.22, 2.22, 2.22, 2.22, 2.22, 2.22, 2.22, 2.22, 2.22, 2.22
2.22, 2.22, 2.22, 2.22, 2.22, 2.22, 2.22, 2.22, 2.22, 2.22
2.22, 2.22, 2.22, 2.22, 2.22, 2.22, 2.22, 2.22, 2.22, 2.22