10
10
1
9
15
1e-16
5000
0 10 20 30 40 50 60 70 80 90 100 110 120 130 140
80 70 60 50 40 30 20 10 0
1 1 1 1 1 1 1 1 1 1 1 1 1 1 1
0 0 0 0 0 0 0 0 0 0 0 0 0 0 0
1 1 1 1 1 1 1 1 1
0 0 0 0 1 1 1 1 1
10 10 10 10 10 10 10 10 10 10 10 10 10 10 10
10 10 10 10 10 10 10 10 10 10 10 10 10 10 10
10 10 10 10 10 10 10 10 10 10 10 10 10 10 10
10 10 10 10 10 10 10 10 10 10 10 10 10 10 10
10 10 10 10 10 10 10 10 10 10 10 10 10 10 5
10 10 10 10 10 10 10 10 10 10 10 10 10 10 5
10 10 10 10 10 10 10 10 10 10 10 10 10 10 5
10 10 10 10 10 10 10 10 10 10 10 10 10 10 5
10 10 10 10 10 10 10 10 10 10 10 10 10 10 5
0.0001 0.0001 0.0001 0.0001 0.0001 0.0001 0.0001 0.0001 0.0001 0.0001 0.0001 0.0001 0.0001 0.0001 0.0001
0.0001 0.0001 0.0001 0.0001 0.0001 0.0001 0.0001 0.0001 0.0001 0.0001 0.0001 0.0001 0.0001 0.0001 0.0001
0.0001 0.0001 0.0001 0.0001 0.0001 0.0001 0.0001 0.0001 0.0001 0.0001 0.0001 0.0001 0.0001 0.0001 0.0001
0.0001 0.0001 0.0001 0.0001 0.0001 0.0001 0.0001 0.0001 0.0001 0.0001 0.0001 0.0001 0.0001 0.0001 0.0001
0.0001 0.0001 0.0001 0.0001 0.0001 0.0001 0.0001 0.0001 0.0001 0.0001 0.0001 0.0001 0.0001 0.0001 0.0001
0.0001 0.0001 0.0001 0.0001 0.0001 0.0001 0.0001 0.0001 0.0001 0.0001 0.0001 0.0001 0.0001 0.0001 0.0001
0.0001 0.0001 0.0001 0.0001 0.0001 0.0001 0.0001 0.0001 0.0001 0.0001 0.0001 0.0001 0.0001 0.0001 0.0001
0.0001 0.0001 0.0001 0.0001 0.0001 0.0001 0.0001 0.0001 0.0001 0.0001 0.0001 0.0001 0.0001 0.0001 0.0001
0.0001 0.0001 0.0001 0.0001 0.0001 0.0001 0.0001 0.0001 0.0001 0.0001 0.0001 0.0001 0.0001 0.0001 0.0001
0.0001 0.0001 0.0001 0.0001 0.0001 0.0001 0.0001 0.0001 0.0001 0.0001 0.0001 0.0001 0.0001 0.0001 0.0001
0.0001 0.0001 0.0001 0.0001 0.0001 0.0001 0.0001 0.0001 0.0001 0.0001 0.0001 0.0001 0.0001 0.0001 0.0001
0.0001 0.0001 0.0001 0.0001 0.0001 0.0001 0.0001 0.0001 0.0001 0.0001 0.0001 0.0001 0.0001 0.0001 0.0001
0.0001 0.0001 0.0001 0.0001 0.0001 0.0001 0.0001 0.0001 0.0001 0.0001 0.0001 0.0001 0.0001 0.0001 0.0001
0.0001 0.0001 0.0001 0.0001 0.0001 0.0001 0.0001 0.0001 0.0001 0.0001 0.0001 0.0001 0.0001 0.0001 0.0001
0.0001 0.0001 0.0001 0.0001 0.0001 0.0001 0.0001 0.0001 0.0001 0.0001 0.0001 0.0001 0.0001 0.0001 0.0001
0.0001 0.0001 0.0001 0.0001 0.0001 0.0001 0.0001 0.0001 0.0001 0.0001 0.0001 0.0001 0.0001 0.0001 0.0001
0.0001 0.0001 0.0001 0.0001 0.0001 0.0001 0.0001 0.0001 0.0001 0.0001 0.0001 0.0001 0.0001 0.0001 0.0001
0.0001 0.0001 0.0001 0.0001 0.0001 0.0001 0.0001 0.0001 0.0001 0.0001 0.0001 0.0001 0.0001 0.0001 0.0001

1
40
1
10
13
1e-9 
9000
37.5 112.5 187.5 262.5 337.5 412.5 487.5 562.5 637.5 712.5 787.5 862.5 937.5
37.5 112.5 187.5 262.5 337.5 412.5 487.5 562.5 637.5 712.5
0 0 0 0 0 0 0 0 0 0 0 0 0 
0 0 0 0 0 0 0 0 0 0 0 0 0 
0 0 1 1 1 1 1 1 1 1 
1 1 1 1 1 0 0 0 0 0
5.50 5.00 5.00 5.00 6.00 5.00 5.00 5.00 5.00 5.00 5.00 5.00 6.75
5.50 5.00 5.00 5.00 6.00 5.00 5.00 5.00 5.00 5.00 5.00 5.00 6.75
5.37 5.00 5.00 5.00 6.00 5.00 5.00 5.00 5.00 5.00 5.00 5.00 6.75
5.25 5.00 5.00 5.00 6.00 5.00 5.00 5.00 5.00 5.00 5.00 5.00 6.75
5.20 5.00 5.00 5.00 6.00 5.00 5.00 5.00 5.00 5.00 5.00 5.00 6.75
5.10 5.00 5.00 5.00 6.00 5.00 5.00 5.00 5.00 5.00 5.00 5.00 5.00
5.00 5.00 5.00 5.00 6.00 5.00 5.00 5.00 5.00 5.00 5.00 5.00 5.00
4.75 5.00 5.00 5.00 6.00 5.00 5.00 5.00 5.00 5.00 5.00 5.00 5.00
4.75 5.00 5.00 5.00 6.00 5.00 5.00 5.00 5.00 5.00 5.00 5.00 5.00
4.75 5.00 5.00 5.00 5.00 5.00 5.00 5.00 5.00 5.00 5.00 5.00 5.00
43.52 43.52 43.52 43.52 43.52 43.52 43.52 43.52 43.52 43.52 43.52 43.52 43.52
43.52 43.52 43.52 43.52 43.52 43.52 43.52 43.52 43.52 43.52 43.52 43.52 43.52 
43.52 43.52 43.52 43.52 43.52 43.52 43.52 43.52 43.52 43.52 43.52 43.52 43.52
43.52 43.52 43.52 43.52 43.52 43.52 43.52 43.52 43.52 43.52 43.52 43.52 43.52
43.52 43.52 43.52 43.52 43.52 43.52 43.52 43.52 43.52 43.52 43.52 43.52 43.52
43.52 43.52 43.52 43.52 43.52 43.52 43.52 43.52 43.52 43.52 43.52 43.52 43.52
43.52 43.52 43.52 43.52 43.52 43.52 43.52 43.52 43.52 43.52 43.52 43.52 43.52
43.52 43.52 43.52 43.52 43.52 43.52 43.52 43.52 43.52 43.52 43.52 43.52 43.52 
43.52 43.52 43.52 43.52 43.52 43.52 43.52 43.52 43.52 43.52 43.52 43.52 43.52
43.52 43.52 43.52 43.52 43.52 43.52 43.52 43.52 43.52 43.52 43.52 43.52 43.52
43.52 43.52 43.52 43.52 43.52 43.52 43.52 43.52 43.52 43.52 43.52 43.52 43.52
43.52 43.52 43.52 43.52 43.52 43.52 43.52 43.52 43.52 43.52 43.52 43.52 43.52 
43.52 43.52 43.52 43.52 43.52 43.52 43.52 43.52 43.52 43.52 43.52 43.52 43.52
43.52 43.52 43.52 43.52 43.52 43.52 43.52 43.52 43.52 43.52 43.52 43.52 43.52
43.52 43.52 43.52 43.52 43.52 43.52 43.52 43.52 43.52 43.52 43.52 43.52 43.52
43.52 43.52 43.52 43.52 43.52 43.52 43.52 43.52 43.52 43.52 43.52 43.52 43.52
43.52 43.52 43.52 43.52 43.52 43.52 43.52 43.52 43.52 43.52 43.52 43.52 43.52
43.52 43.52 43.52 43.52 43.52 43.52 43.52 43.52 43.52 43.52 43.52 43.52 43.52 
43.52 43.52 43.52 43.52 43.52 43.52 43.52 43.52 43.52 43.52 43.52 43.52 43.52
43.52 43.52 43.52 43.52 43.52 43.52 43.52 43.52 43.52 43.52 43.52 43.52 43.52

6.85	6.85	6.85	6.85	6.85	6.85	6.85	6.85	6.85	6.75

4.50 4.75 5.00 5.25 5.50 6.00 5.00 5.00 5.00 5.00 5.00 5.00 6.75
4.75 5.00 5.00 5.00 6.00 5.00 5.00 5.00 5.00 5.00 5.00 5.00 6.75
5.00 5.00 5.00 5.00 6.00 5.00 5.00 5.00 5.00 5.00 5.00 5.00 6.75
5.00 5.00 5.00 5.00 6.00 5.00 5.00 5.00 5.00 5.00 5.00 5.00 6.75
5.25 5.00 5.00 5.00 6.00 5.00 5.00 5.00 5.00 5.00 5.00 5.00 6.80
5.25 5.00 5.00 5.00 6.00 5.00 5.00 5.00 5.00 5.00 5.00 5.00 6.80
5.37 5.00 5.00 5.00 6.00 5.00 5.00 5.00 5.00 5.00 5.00 5.00 6.80
5.37 5.00 5.00 5.00 6.00 5.00 5.00 5.00 5.00 5.00 5.00 5.00 6.80
5.50 5.00 5.00 5.00 6.00 5.00 5.00 5.00 5.00 5.00 5.00 5.00 6.85