# x y value
0 80 10
10 80 10
20 80 10
30 80 10
40 80 10
50 80 10
60 80 10
70 80 10
80 80 10
90 80 10
100 80 10
110 80 10
120 80 10
130 80 10
140 80 10
0 70 10
10 70 9.97509
20 70 9.94911
30 70 9.92094
40 70 9.88939
50 70 9.85314
60 70 9.81075
70 70 9.7607
80 70 9.70146
90 70 9.63192
100 70 9.55232
110 70 9.46624
120 70 9.38433
130 70 9.32862
140 70 9.32862
0 60 10
10 60 9.95126
20 60 9.90042
30 60 9.84527
40 60 9.78346
50 60 9.7124
60 60 9.62918
70 60 9.53059
80 60 9.41321
90 60 9.2739
100 60 9.11111
110 60 8.92831
120 60 8.74245
130 60 8.60155
140 60 8.60155
0 50 10
10 50 9.92954
20 50 9.85602
30 50 9.77625
40 50 9.6868
50 50 9.58383
60 50 9.46298
70 50 9.31926
80 50 9.14688
90 50 8.93937
100 50 8.68991
110 50 8.39345
120 50 8.0556
130 50 7.73357
140 50 7.73357
0 40 10
10 40 9.91088
20 40 9.81787
30 40 9.71693
40 40 9.60365
50 40 9.47313
60 40 9.31967
70 40 9.13657
80 40 8.9157
90 40 8.64678
100 40 8.31572
110 40 7.89999
120 40 7.35292
130 40 6.54356
140 40 5
0 30 10
10 30 9.8961
20 30 9.78766
30 30 9.66993
40 30 9.53776
50 30 9.38536
60 30 9.20599
70 30 8.99166
80 30 8.73258
90 30 8.41632
100 30 8.0262
110 30 7.53786
120 30 6.91253
130 30 6.08776
140 30 5
0 20 10
10 20 9.88587
20 20 9.76673
30 20 9.63737
40 20 9.49211
50 20 9.32455
60 20 9.12727
70 20 8.89149
80 20 8.60663
90 20 8.25973
100 20 7.83488
110 20 7.31273
120 20 6.6716
130 20 5.89493
140 20 5
0 10 10
10 10 9.88063
20 10 9.75603
30 10 9.62072
40 10 9.46876
50 10 9.29345
60 10 9.08705
70 10 8.84042
80 10 8.54272
90 10 8.1811
100 10 7.74086
110 10 7.20659
120 10 6.56619
130 10 5.82037
140 10 5
0 0 10
10 0 9.88063
20 0 9.75603
30 0 9.62072
40 0 9.46876
50 0 9.29345
60 0 9.08705
70 0 8.84042
80 0 8.54272
90 0 8.1811
100 0 7.74086
110 0 7.20659
120 0 6.56619
130 0 5.82037
140 0 5
