# x y value
0 80 100
10 80 97.9054
20 80 95.7178
30 80 93.3395
40 80 90.6632
50 80 87.5658
60 80 83.9013
70 80 79.4902
80 80 74.1061
90 80 67.4553
100 80 59.1531
110 80 48.7032
120 80 35.5229
130 80 19.1539
140 80 0
0 70 100
10 70 97.9054
20 70 95.7178
30 70 93.3395
40 70 90.6632
50 70 87.5658
60 70 83.9013
70 70 79.4902
80 70 74.1061
90 70 67.4553
100 70 59.1531
110 70 48.7032
120 70 35.5229
130 70 19.1539
140 70 0
0 60 100
10 60 97.9985
20 60 95.9085
30 60 93.6376
40 60 91.0842
50 60 88.1329
60 60 84.6477
70 60 80.4634
80 60 75.3727
90 60 69.1066
100 60 61.3009
110 60 51.4335
120 60 38.7118
130 60 21.9388
140 60 0
0 50 100
10 50 98.1799
20 50 96.2803
30 50 94.2181
40 50 91.903
50 50 89.2339
60 50 86.0934
70 50 82.343
80 50 77.8146
90 50 72.2976
100 50 65.5103
110 50 57.0181
120 50 45.9518
130 50 29.8895
140 50 0
0 40 100
10 40 98.4409
20 40 96.8147
30 40 95.0514
40 40 93.0761
50 40 90.8062
60 40 88.149
70 40 85.0006
80 40 81.2452
90 40 76.7591
100 40 71.4245
110 40 65.1768
120 40 58.188
130 40 51.6672
140 40 51.6672
0 30 100
10 30 98.7692
20 30 97.486
30 30 96.0967
40 30 94.5437
50 30 92.7656
60 30 90.6959
70 30 88.2652
80 30 85.4064
90 30 82.069
100 30 78.2517
110 30 74.0766
120 30 69.9561
130 30 66.9243
140 30 66.9243
0 20 100
10 20 99.1497
20 20 98.2637
30 20 97.3055
40 20 96.2366
50 20 95.0167
60 20 93.6039
70 20 91.9579
80 20 90.0462
90 20 87.8589
100 20 85.4368
110 20 82.9218
120 20 80.6357
130 20 79.1494
140 20 79.1494
0 10 100
10 10 99.5658
20 10 99.1136
30 10 98.6249
40 10 98.0805
50 10 97.4606
60 10 96.7452
70 10 95.9161
80 10 94.9615
90 10 93.8838
100 10 92.7146
110 10 91.538
120 10 90.5155
130 10 89.8883
140 10 89.8883
0 0 100
10 0 100
20 0 100
30 0 100
40 0 100
50 0 100
60 0 100
70 0 100
80 0 100
90 0 100
100 0 100
110 0 100
120 0 100
130 0 100
140 0 100
